"sapply(trainTrees, function(x) convert_DREAM_tree_to_training_data_row_funct(x))"
"1" "[[1111111121, 2120010021, 51], [1111111121, 0112212221, 74], [0012112221, 0012212221, 1], [0012112221, 0012012221, 1], [2112212021, 2012212021, 8], [1112112121, 2112212021, 42], [1112112121, 0012112221, 87], [1111111111, 1112112121, 46], [1111111111, 1111111121, 62]]"
"2" "[[1101011001, 1102000001, 23], [1101011001, 2100012001, 23], [1111111011, 1101011001, 57], [1111111011, 1111111021, 58], [1111111111, 1111111011, 65], [1111111111, 1111111121, 68], [1111111111, 1112212001, 107]]"
"3" "[[1111111221, 0111111221, 39], [1110111221, 1110112221, 37], [1111111221, 1110111221, 48], [2120211221, 2120212221, 39], [2110111121, 2120211221, 49], [2110111121, 2110100021, 44], [1111111111, 2110111121, 68], [1111111111, 1111111221, 66]]"
"4" "[[1112011021, 1112010021, 2], [1112011121, 1112011021, 45], [1111011111, 1112011121, 48], [1111011111, 0210012201, 54], [2102111221, 2102010221, 40], [1111111111, 2102111221, 102], [1111111111, 1111011111, 57]]"
"5" "[[1111001011, 1111001001, 46], [1111001011, 1111001021, 46], [1101101111, 1101201221, 44], [1101101111, 2101001000, 44], [1111101111, 1101101111, 42], [1111101111, 1111001011, 40], [1101101001, 0101001001, 32], [1101101001, 2101101000, 32], [1101101001, 2100101000, 53], [1111111111, 1101101001, 49], [1111111111, 1111101111, 49]]"
"6" "[[2100111000, 2100101000, 31], [1111111111, 2100111000, 48], [1111111111, 2100101000, 49]]"
"7" "[[2112111001, 2112111000, 18], [1111101111, 1111201221, 10], [1111101111, 2101101000, 10], [1112111111, 1122111121, 4], [1112111111, 1112011201, 4], [1111111111, 1112111111, 40], [1111111111, 1111101111, 34], [1111111111, 2112111001, 87], [1111101021, 2100101021, 18], [1111111011, 1111101021, 33], [1111111011, 1112211011, 35], [1112111011, 2102111000, 19], [1112111011, 1112011011, 19], [1111001010, 1101001020, 23], [1111001010, 1111001000, 23], [1111111011, 1111001010, 33], [1111111011, 1112111011, 37], [2111111001, 2111101001, 24], [2111111001, 2112111001, 24], [2111101021, 2110101021, 27], [2111111011, 2111101021, 32], [2111111011, 2111111001, 35], [2111101011, 2111101021, 34], [2111111011, 2111101011, 38], [1111111011, 2111111011, 49], [1111111111, 1111111011, 43], [2100101021, 2000100021, 48], [1112111111, 2112111211, 24], [1112111111, 0112210011, 24], [1112111111, 2112101000, 74], [1111111111, 1112111111, 64], [1111111111, 2100101021, 55], [1111111211, 2112111221, 56], [1111111211, 1111001211, 54], [2101111011, 2100101000, 38], [2101111011, 2102110021, 38], [2111111111, 2110101001, 41], [2111111111, 2112111221, 41], [2111111111, 2101111011, 50], [1111111111, 2111111111, 49], [1111111111, 1111111211, 53]]"
"8" "[[2110101011, 2110101021, 151], [2110101011, 2100101000, 40], [1112111221, 2112111221, 35], [1112111221, 2112111221, 45], [2111111201, 2111101201, 44], [2111111201, 2112111201, 43], [1111111211, 2111111201, 44], [1111111211, 1112111221, 45], [2110101221, 2120101221, 33], [2111111221, 2110101221, 44], [2111111221, 2112111221, 43], [1111111221, 1110001221, 87], [1111111221, 2111111221, 49], [1111111211, 1111111221, 44], [1111111111, 1111111211, 41], [1111111111, 2110101011, 41]]"
"9" "[[2110101100, 2220102200, 10], [2110101100, 2100101000, 10], [2120101101, 2120100100, 9], [2120101101, 2220102101, 9], [2110101101, 2120101101, 39], [2110101101, 2110101100, 38], [2110101101, 2020100101, 44], [1100101000, 1100001000, 20], [1101111000, 1102111000, 18], [1101111000, 2100111000, 18], [1101111000, 1100101000, 42], [1100011000, 1100010000, 14], [1100011000, 1100001000, 14], [1100011000, 1100001000, 58], [1101111000, 1100011000, 48], [1111111111, 1101111000, 48], [1111111111, 2110101101, 56]]"
"10" "[[2101111000, 2100101000, 9], [2101111000, 2102111000, 9], [2101111000, 2100101000, 112], [2110101210, 2100101210, 22], [2110101210, 2100101200, 43], [2110101111, 2120101121, 91], [2110101111, 2110101210, 49], [1111111111, 2110101111, 56], [1111111111, 2101111000, 54]]"
"11" "[[2112111000, 2102111000, 23], [2112111000, 2102111000, 56], [2111111021, 2110101021, 84], [2111111021, 2112111021, 53], [1111111111, 2111111021, 47], [1111111111, 2112111000, 45]]"
"12" "[[2110101001, 2110101000, 52], [2110101001, 2210100001, 67], [0111111100, 0112211200, 18], [0111111100, 0111011000, 18], [1111111100, 0111111100, 48], [1111111100, 2121101100, 51], [1111111101, 1111111100, 112], [1111111101, 2110101001, 111], [2100111000, 2100101000, 10], [2100111000, 2100101000, 62], [0112111200, 0112211200, 59], [0112111200, 0112011200, 45], [1111111100, 0112111200, 48], [1111111100, 2100111000, 45], [2112111021, 2122111021, 12], [2112111021, 2112112021, 12], [2122111121, 2122211121, 8], [2112111121, 2122111121, 44], [2112111121, 2112111021, 40], [2100121000, 2000120000, 15], [2111111111, 2100121000, 46], [2111111111, 2112111121, 46], [1111111111, 2111111111, 44], [1111111111, 1111111100, 35], [2101101000, 2100101000, 15], [2101101000, 2100101000, 41], [1111111111, 2101101000, 122], [1111111111, 1111111101, 33]]"
"13" "[[2112111221, 2102211221, 8], [2112111221, 2102111221, 32], [2111111111, 2112111221, 50], [2111111111, 2100101000, 94], [1111101201, 0001200201, 37], [1111101201, 1110001201, 35], [1101111101, 2100101100, 4], [1101111101, 1101021101, 4], [1111111101, 1101111101, 39], [1111111101, 2121121101, 44], [1111111101, 1111101201, 62], [1111111111, 1111111101, 56], [1111111111, 2111111111, 60]]"
"14" "[[2111111000, 2112111000, 27], [2111111000, 2100101000, 27], [1111101001, 2100101000, 28], [1111101001, 1111001001, 28], [1111111001, 1111101001, 59], [1111111001, 2111111000, 60], [1110101001, 2110101001, 79], [1110101001, 0110201001, 62], [1111111001, 1110101001, 78], [2212110000, 2202110000, 6], [2212111101, 2222112101, 52], [2212111101, 2212110000, 54], [2111101211, 2111101221, 2], [2111101211, 2111101201, 2], [1111001111, 1101001221, 4], [1111001111, 1111001001, 4], [1111101111, 1111001111, 51], [1111101111, 2111101211, 53], [1111111111, 1111101111, 54], [1111111111, 2212111101, 49], [2111111211, 2111101221, 45], [2111111211, 2112111201, 45], [1111101011, 1111001011, 41], [1111101011, 1111101001, 41], [1111111111, 1111101011, 65], [1111111111, 2111111211, 61], [1111111111, 1111111001, 51]]"
"15" "[[1112111100, 1122211100, 46], [1112111100, 1102111200, 46], [1102111000, 2102111000, 49], [1102111000, 1102211000, 49], [1112111100, 1102111000, 45], [1111111111, 1112111100, 46], [1111111111, 1122211101, 140]]"
"16" "[[2112111101, 2112111201, 34], [2112111101, 2112111001, 34], [2101111201, 2100111200, 7], [2101111201, 2102111201, 7], [2101111201, 2102111201, 34], [2111111101, 2101111201, 47], [2111111101, 2112111101, 47], [1102111000, 0102011000, 22], [1102111000, 2102101000, 22], [1111111111, 1102111000, 121], [1111111111, 2111111101, 48]]"
"17" "[[0111111111, 0102111000, 6], [0111111111, 0121201121, 6], [0111111111, 0121201121, 39], [0111111111, 0100001000, 92], [0101001011, 0201000021, 44], [0101001011, 0100001012, 50], [1111111111, 0101001011, 60], [1111111111, 0111111111, 57]]"
"18" "[[1112111111, 1112111221, 3], [1112111111, 2102111000, 3], [1112111111, 1112011221, 48], [1110001101, 1110001201, 7], [1110001101, 1100001001, 7], [1110001111, 1110001221, 40], [1110001111, 1110001101, 40], [1111111111, 1110001111, 49], [1111111111, 1112111111, 49], [2112111221, 2112211221, 49], [2112111211, 2112111221, 46], [2112111211, 2112111201, 51], [2112111111, 2102111201, 9], [2112111111, 2122111121, 9], [2112111111, 2122111121, 49], [2112111111, 2112111201, 50], [2112111111, 2112111211, 53], [1111111111, 2112111111, 50]]"
"19" "[[1111101011, 1111001000, 7], [1111101011, 1111001011, 44], [1111101011, 1111001011, 110], [1100101221, 2100101221, 20], [1100101221, 1100201221, 20], [0112111021, 0112211021, 13], [0112111021, 0112011021, 13], [1111111121, 0112111021, 54], [1111111121, 1100101221, 47], [1211111021, 1212011021, 16], [1211111021, 1211101021, 16], [1111111011, 1211111021, 52], [1111111011, 2100101000, 69], [1111111111, 1111111011, 52], [1111111111, 1111111121, 53], [1111111111, 1111101011, 59], [1112111001, 1112011001, 2], [1112111001, 2102111000, 2], [1111111001, 1112111002, 0], [1111111001, 2100001000, 0], [1111111001, 1112111001, 49], [1101111000, 1101001000, 10], [1101111000, 2101111000, 10], [1111101021, 1111101020, 9], [1111101021, 1111001021, 9], [1111111011, 1111101021, 52], [1111111011, 1101111000, 51], [1111111011, 1111111001, 58], [1111111011, 2100101000, 164], [1111111111, 1111111011, 46]]"
"20" "[[2112111021, 2102111021, 45], [2112111021, 2212110021, 50], [1111111111, 2100101000, 148], [1111111111, 2112111021, 53]]"
"21" "[[1112011011, 0102011000, 58], [1112011011, 1112011021, 40], [1101101100, 1101001100, 38], [1101101100, 2100101000, 38], [1101101100, 2100101000, 124], [1111111111, 1101101100, 60], [1111111111, 1112011011, 142]]"
"22" "[[0011200200, 0001200200, 44], [2120101121, 2120101120, 12], [2120101111, 2120101100, 50], [2120101111, 2120101121, 51], [2110101111, 2100101000, 122], [2110101111, 2120101111, 58], [1111111111, 2110101111, 51], [1111111111, 0011200200, 107]]"
"23" "[[0102211221, 0102211220, 3], [0112211121, 0102211221, 46], [0112211121, 0122211121, 45], [1111111111, 2100101000, 62], [1111111111, 0112211121, 72], [1111111111, 0220002121, 108]]"
"24" "[[1100111000, 2100111000, 48], [1100111000, 0100001000, 48], [1100111001, 1100111000, 54], [1100111001, 2100101001, 61], [2102111000, 2102101000, 43], [1111101111, 2101101201, 42], [1111101111, 0121201121, 42], [1111111111, 1111101111, 64], [1111111111, 2102111000, 63], [1111111111, 1100111001, 68], [1111111111, 0200000021, 212]]"
"25" "[[1111101221, 1110001221, 47], [1111101221, 1111201221, 56], [2102111211, 2102111221, 16], [2102111111, 2102111211, 46], [2102111111, 2102111011, 43], [1111111111, 2102111111, 56], [1111111111, 1111101221, 61], [1111111111, 1122011111, 114]]"
"26" "[[1111111121, 1110201021, 46], [1111111121, 1102011221, 46], [1111111010, 2102111000, 43], [1111111010, 1111001010, 43], [1111111111, 1111111010, 67], [1111111111, 1111111121, 64], [1112011021, 0102011021, 48], [1111011011, 1100001000, 100], [1111011011, 1112011021, 52], [1111111111, 1111011011, 67], [2111101121, 2100101020, 26], [2111101121, 2011102221, 26], [1111001201, 1101001201, 16], [1111101111, 1111001201, 59], [1111101111, 2111101121, 49], [1112211101, 1102211001, 22], [1112211101, 1112211200, 22], [1112211101, 0102211000, 76], [1111111111, 1112211101, 43], [1111111111, 1111101111, 44], [1112111121, 1112011020, 32], [1112111121, 2102111221, 32], [2111101011, 2102101000, 26], [2111101011, 2111101021, 26], [1111111111, 2111101011, 53], [1111111111, 1112111121, 47], [1111001000, 2101001000, 34], [1111111111, 1111001000, 90]]"
"27" "[[1111101111, 0111001211, 34], [1111101111, 2100101000, 34], [1111101111, 1110001211, 82], [0111211001, 0112211001, 30], [0111211001, 0101201001, 30], [1111201001, 1110201001, 25], [1111211001, 1111201001, 54], [1111211001, 0111211001, 49], [1111111111, 1111211001, 51], [1111111111, 1111101111, 48], [1112011000, 0112011000, 6], [1112011000, 2102011000, 6], [1111011111, 0111001211, 59], [1111011111, 1112011000, 74], [1111011111, 1111001201, 59], [1111111111, 1111011111, 50]]"
"28" "[[1111101011, 1111001011, 9], [1111001011, 1101001011, 12], [1111101011, 1111001011, 42], [0100000222, 0000000222, 32], [0100000222, 0000000222, 56], [0000001022, 0000000022, 42], [0100000022, 0000000022, 43], [0100001022, 0100000022, 50], [0100001022, 0000001022, 51], [0100001122, 0100001022, 43], [0100001122, 0100000222, 47], [1111111111, 0100001122, 46], [1111111111, 1111101011, 128]]"
"29" "[[2110101100, 2120101100, 11], [2110101100, 2100101000, 11], [1110101101, 2110101100, 86], [1110101101, 0100201001, 44], [2120102101, 2020102101, 21], [2120102101, 2020102101, 40], [2120102101, 2020102101, 47], [1110101101, 2120102101, 44], [1111111111, 2120101101, 202], [1111111111, 1110101101, 56]]"
"30" "[[1111001011, 1111001001, 35], [2111101000, 2100101000, 39], [1111101011, 2111101000, 42], [1111101011, 1111001011, 46], [1111101001, 1101001000, 25], [1111101011, 1111101001, 105], [1101101001, 2100101000, 23], [1101101001, 2100101000, 48], [1111111001, 1111101001, 24], [1111111001, 2102011000, 24], [2111101000, 2100101000, 36], [1111111001, 2111101000, 47], [1111111001, 1101101001, 59], [1111111111, 1111111001, 47], [1111111111, 1111101011, 49]]"
"31" "[[1110111221, 1100111221, 1], [1100100000, 1100000000, 2], [1112111111, 1112111021, 40], [1112111111, 1102111200, 39], [1111111111, 1112111111, 49], [1111111111, 1100100000, 86], [1111111111, 1110111221, 53], [2222110011, 2222210021, 4], [2222110011, 2222110000, 4], [1111111011, 1110212021, 42], [1111111011, 2222110011, 46], [1111111111, 1111111101, 4], [1111111111, 1110111021, 4], [1111111111, 0111211001, 37], [1111111111, 1111111011, 43], [1111111111, 1112111121, 90], [1111111111, 1112111111, 99], [1111111111, 1111111211, 45], [1110111121, 1110111221, 45], [1111011211, 1111011221, 16], [1111011211, 1111011201, 16], [1111011211, 1111011221, 62], [1111111111, 1111011211, 47], [1111111111, 1110111121, 51]]"
"32" "[[2111212221, 2211212221, 32], [2111011221, 2111012221, 34], [2111111221, 2111011221, 54], [2111111221, 2111212221, 56], [1112111221, 0112011221, 69], [1112111221, 2112112221, 68], [1111111111, 2111211221, 46], [1111111111, 1112001001, 59], [1111111111, 1112111221, 71], [1111111111, 2111111221, 103]]"
"33" "[[2112111211, 2112111221, 7], [2112111211, 2112111201, 7], [0112111221, 0112110221, 6], [1112111211, 0112111221, 41], [1112111211, 2112111211, 40], [1112211211, 1112211200, 45], [1112211211, 1112211221, 45], [1112111211, 1112211211, 54], [1111211111, 2111211111, 26], [1111211111, 1111211101, 27], [1111111111, 1111211111, 118], [1111111111, 1112111211, 46], [0100111121, 0000111121, 17], [0100111121, 0000211121, 41], [0000111111, 0000111121, 48], [0100111111, 0000111111, 38], [0100111111, 0100111121, 94], [1111111111, 0100111111, 38], [0111011221, 0110011221, 45], [0111111211, 0112110211, 43], [0111111211, 0110111211, 42], [0111111211, 0111011221, 51], [1111111211, 1111211221, 198], [1111111211, 0111111211, 102], [1111111111, 1111111211, 13]]"
"34" "[[0110111221, 0120111221, 8], [2012111221, 2022111221, 10], [2012111221, 2002111221, 10], [1111111221, 2012111221, 54], [1111111221, 0110111221, 56], [0111111121, 0111211221, 55], [0111111121, 0000100021, 46], [1111211101, 1112211101, 3], [1111211101, 0111211101, 3], [1111111101, 2111111101, 50], [1111111101, 1111211101, 46], [1111111111, 1111111101, 55], [1111111111, 0111111121, 48], [1111111111, 1111111221, 86]]"
"35" "[[1111111221, 1000111221, 39], [1111111221, 1112111221, 39], [0112211211, 0102211221, 6], [0112211211, 0112211201, 6], [0112211211, 0112211201, 50], [0112211201, 0112210201, 50], [0112211211, 0112211201, 39], [1111111111, 0112211211, 40], [1111111111, 1111111221, 41]]"
"36" "[[1110101101, 1110001201, 30], [1110101101, 2100101001, 30], [1110101101, 1110201201, 42], [1111101111, 1110001211, 5], [1111101111, 2102101000, 5], [1110001211, 1110002211, 5], [1111101111, 1110001211, 35], [1111101111, 1111001201, 78], [1111111111, 1111101111, 32], [1111111111, 1110101101, 43]]"
"37" "[[1111101011, 2101101001, 40], [1111101011, 1111001011, 40], [1111101011, 1111001011, 36], [1111111011, 1112011011, 35], [1111111011, 1111101011, 35], [1111111011, 1111001011, 46], [1111111011, 1111101011, 52], [1111101011, 1111001011, 6], [1111111011, 1111101011, 8], [1111111011, 1111011011, 8], [1111111011, 1111101011, 53], [1111111011, 1111001011, 48], [1111111011, 1111001011, 46], [1111111111, 1111111011, 42], [1111111111, 1111111011, 56]]"
"38" "[[2112111221, 2122111221, 33], [1112111201, 2112111201, 31], [1112111201, 1112011201, 31], [1112111211, 1112111201, 54], [1112111211, 2112111221, 52], [2101111010, 2102111000, 22], [2101111010, 2100101020, 22], [1100101000, 2100101000, 14], [1100101000, 0100001000, 14], [1101111010, 1100101000, 69], [1101111010, 2101111010, 61], [1111111111, 1101111010, 52], [1111111111, 1112111211, 50]]"
"39" "[[1112211101, 1112211001, 66], [1112211101, 0122211101, 80], [1111111111, 1112211101, 52], [1111111111, 2100101000, 45]]"
"40" "[[0112011221, 0122011221, 24], [0111011211, 0112011221, 60], [0111011211, 0110001201, 61], [2112111211, 2112111221, 34], [2112111211, 2102111200, 34], [2112111211, 2212111221, 86], [1112111111, 0102212101, 142], [1112111111, 2112111211, 56], [1111111111, 1112111111, 42], [1111111111, 0111011211, 99], [1122111221, 0122211221, 85], [1122111221, 2122111221, 85], [1112111221, 2202112221, 54], [1112111221, 1122111221, 58], [1111111111, 2000100000, 187], [1111111111, 1112111221, 44]]"
"41" "[[1112111211, 0112011200, 124], [1112111211, 2112111221, 124], [1212010102, 1222010102, 39], [1212010102, 1202010002, 39], [1112111111, 1212010102, 127], [1112111111, 1112111211, 42], [1111101011, 1111201001, 58], [2111101011, 2101101001, 49], [1111101011, 2111101011, 61], [0112111200, 0112211200, 5], [0112111200, 0112011200, 5], [0122011100, 0222010100, 14], [0112111100, 0122011100, 44], [0112111100, 0112111200, 53], [1111111111, 0112111100, 107], [1111111111, 1111101011, 56], [1111111111, 1112111111, 44]]"
"42" "[[1110101111, 0110201221, 38], [1110101111, 2100101000, 38], [1111111111, 2100101021, 212], [1111111111, 1110101111, 173]]"
"43" "[[1100101000, 2100101000, 14], [1100101000, 0100001000, 14], [1100101000, 0100001000, 31], [1100101000, 2100101000, 31], [1100101000, 2100101000, 45], [2100101001, 2100001001, 31], [2100101001, 2100101000, 84], [1100101011, 0000000021, 58], [1100101011, 2100101001, 68], [1111111111, 1100101011, 43], [1111111111, 1100101000, 41]]"
"44" "[[1121101111, 1121001111, 18], [0122211111, 0122211221, 22], [1121111111, 0122211111, 43], [1121111111, 1121101111, 47], [2111111111, 2100101000, 21], [2111111111, 2112111211, 21], [2111111111, 2112111211, 48], [1111111111, 2111111111, 45], [1111111111, 1121111111, 43], [1112111121, 0122211121, 48], [1112111121, 2212112221, 53], [2111101101, 2121101100, 14], [2111101101, 2111101201, 14], [1111101111, 2111101101, 40], [1111101111, 0111001221, 41], [1111111111, 1111101111, 47], [1111111111, 1112111121, 48], [2110101121, 2110101021, 46], [2110101121, 2100101221, 44], [1111111111, 2110101121, 48], [1111111111, 0112011012, 48]]"
"45" "[[1111001211, 1111001221, 26], [1111001211, 1111001201, 26], [1111111211, 2112111221, 71], [1111111211, 1111001211, 45], [1111001211, 1111001201, 24], [1111001211, 1111001221, 24], [1111001211, 1111001221, 39], [1111111211, 1111001211, 46], [1111111111, 1111111211, 45], [1111111111, 2100101000, 155], [1110101011, 0110101001, 50], [1110101011, 1110001021, 50], [1110101011, 2100101000, 101], [1111111111, 2111101221, 44], [1111111111, 1112211000, 44], [1111111111, 1110101011, 43]]"
"46" "[[0111011101, 0111011001, 49], [1111001201, 1101001201, 1], [1111011101, 1111001201, 91], [1111011101, 0111011101, 43], [1111011111, 1111011101, 53], [1111011111, 2102011221, 65], [1120111101, 1120111100, 42], [1120111101, 0120111100, 92], [1111111111, 1120111101, 99], [1111111111, 1111011111, 46]]"
"47" "[[1111212121, 1111212021, 38], [1111211121, 2110211021, 42], [1111211121, 1111212121, 50], [1112111211, 0112111211, 27], [1112111111, 1112001011, 28], [1112111111, 1112111211, 28], [1112111111, 1112111211, 51], [1111111111, 1112111111, 58], [1111111111, 1111211121, 48]]"
"48" "[[0111011021, 0100011021, 13], [0111011021, 0112011021, 13], [0112211021, 0112210021, 6], [0111111021, 0112211021, 65], [0111111021, 0111011021, 58], [2112111121, 2122211021, 27], [2112111121, 2202011221, 27], [0101000101, 0201000201, 28], [0101000101, 0101000000, 28], [0101010101, 0101000101, 60], [0101010101, 0201010201, 58], [1111111111, 0101010101, 59], [1111111111, 2112111121, 120], [1111111111, 0111111021, 125]]"
"49" "[[2121211101, 2121212001, 46], [2121211101, 2121211201, 41], [1111111111, 2121211101, 50], [1111111111, 2122111221, 48]]"
"50" "[[1111111111, 1111111001, 8], [1111111111, 2111111111, 48]]"
"51" "[[2112212211, 2112202201, 13], [1112112111, 0122012000, 64], [1112112111, 2112212211, 58], [1122012101, 1122012001, 55], [1122012101, 0122012201, 57], [2112112221, 2112012221, 57], [2112112221, 2112212221, 50], [1112112111, 2112112221, 66], [1112112111, 1122012101, 68], [1111111111, 1112112111, 87], [1111111111, 1112112111, 94]]"
"52" "[[2111111111, 2111111211, 44], [2111111111, 2111111121, 64], [1111111111, 1111111011, 18], [1111111111, 2111111111, 63]]"
"53" "[[1111111111, 1111111001, 49]]"
"54" "[[2112111111, 2112211201, 15], [2112111111, 2112111121, 15], [2111111111, 2112111111, 40], [2111111111, 2110011000, 46], [1111111101, 1110111101, 23], [1111111101, 1111211101, 23], [1111111111, 0111111111, 110], [1111111111, 1111111101, 48], [1111111111, 2111111111, 108]]"
"55" "[[2000212011, 2000212000, 44], [2000212011, 2000212021, 45], [2112110101, 2112210000, 21], [2112110101, 2112000201, 21], [2112111101, 2112110101, 44], [2112111101, 2112211201, 45], [2111111111, 2112111101, 50], [2111111111, 2000212011, 49], [2111111111, 2112011221, 38], [0112211221, 0112212221, 55], [0000010121, 0000000221, 47], [0000010121, 0000010021, 92], [0111111121, 0000010121, 56], [0111111121, 0112211221, 85], [1111111111, 0111111121, 50], [1111111111, 2111111111, 47]]"
"56" "[[0112000000, 0122000000, 43], [1111111111, 0222000000, 39], [1111111111, 0112000000, 47]]"
"57" "[[1100001201, 0100001201, 35], [1100001201, 2100001201, 45], [1100001101, 1100001201, 43], [1100001101, 2100002001, 45], [2102212101, 2102212202, 34], [2102211101, 2102212101, 40], [2102211101, 2102210101, 39], [2102000000, 2202000000, 52], [2102110101, 2102120202, 40], [2102110101, 2102000000, 37], [2102111101, 2102110101, 38], [2102111101, 2102211101, 43], [1101111101, 2102111101, 42], [1101111101, 1100001101, 43], [0112210221, 0122210221, 43], [0112210221, 0212210221, 49], [1111111111, 0112210221, 160], [1111111111, 1101111101, 41]]"
"58" "[[1111111111, 1112111111, 50], [1111111111, 1111111101, 6], [1111111111, 2112001211, 89], [1111111111, 2112211101, 212]]"
"59" "[[1111111011, 1011111011, 22], [1111111111, 1111111011, 98], [1111111111, 1111111211, 42], [1111111111, 1111111211, 52]]"
"60" "[[1111111221, 0111111221, 25], [1111111121, 1111111221, 40], [1111111121, 0101111121, 65], [1111111121, 1112212121, 123], [1111111221, 1111211221, 9], [1111111221, 1111011221, 9], [1111211101, 1011211101, 4], [1111211101, 1112211101, 4], [1111111111, 1111211101, 38], [1111111111, 1111111221, 33], [1112111111, 2112111111, 5], [1112111111, 0012111111, 5], [1111111111, 1112111111, 76], [1111111111, 2110000000, 82], [1111111111, 1111111121, 47], [2111111221, 2111211221, 26], [0111111011, 0111211021, 25], [0111111011, 0111001001, 25], [1111111011, 0111111011, 44], [1111111011, 2110111001, 69], [1111111111, 1111111011, 53], [1111111111, 2111111221, 55], [0122211011, 0122211021, 34], [0122212021, 0022212021, 4], [0122211011, 0122212021, 38], [1111111111, 0122211011, 83]]"
"61" "[[1111111111, 1211212201, 110], [1111111111, 2112010221, 92]]"
"62" "[[0112211221, 0112212221, 40], [0112211111, 0112210000, 44], [0112211111, 0112211221, 38], [0112211111, 0112211221, 45], [0112211111, 0012211000, 47], [2112212221, 2212212221, 45], [2111211211, 2110211201, 46], [2111211211, 2112212221, 43], [1111211111, 2111211211, 87], [1111211111, 0112211111, 45], [2111212121, 2121212221, 93], [1112211111, 0112211221, 21], [1112211111, 2222212000, 21], [1111211111, 1112211111, 171], [1111211111, 2111212121, 98], [1111111111, 1111211111, 19], [1111111111, 1111211111, 17]]"
"63" "[[1222112201, 1222212201, 55], [1222112201, 1222012201, 84], [2011020221, 2021020221, 48], [1111111111, 2011020221, 53], [1111111111, 1222112201, 48]]"
"64" "[[2112212001, 2102212001, 24], [2112212001, 2122212001, 55], [2012212001, 2022212001, 18], [2112212001, 2122212001, 30], [2112212001, 2102212001, 30], [2112212001, 2012212001, 60], [1111111111, 2112212001, 42], [1111111111, 2112212001, 46]]"
"65" "[[0111111111, 0111211211, 82], [0111111111, 0111111001, 81], [1111111111, 2102001201, 132], [1111111111, 0111111111, 50]]"
"66" "[[1111111111, 1111110111, 47], [1111111111, 1111111101, 54], [1111111111, 1111111121, 43], [1111111111, 2111111111, 44], [1111111111, 1111101011, 7], [1111111111, 1111111211, 36]]"
"67" "[[2112212121, 2112212021, 36], [2112212121, 2112212221, 36], [2112212121, 2122212221, 89], [1111111111, 0112212221, 48], [1111111111, 2112212121, 49]]"
"68" "[[0100000101, 0000000101, 29], [0111211221, 0110211221, 10], [1211211021, 0212211021, 8], [1211211021, 2220211021, 8], [2211211121, 2212211221, 5], [2211211121, 2220211021, 5], [1211211121, 2211211121, 43], [1211211121, 1211211021, 40], [1110210001, 2110210001, 0], [1110210001, 0110210001, 0], [1110210011, 0100210021, 42], [1110210011, 1110210001, 41], [1111211111, 1110210011, 57], [1111211111, 1211211121, 50], [1111211111, 0111211221, 112], [1111111111, 1111211111, 44], [1111111111, 0100000101, 183]]"
"69" "[[0010112200, 0010012200, 57], [0010112200, 0000212200, 53], [0010112201, 0010112200, 63], [0010112201, 0000212201, 120], [2100000121, 2000000021, 94], [2100000121, 2100000221, 83], [1111111111, 2100000121, 46], [1111111111, 0010112201, 49]]"
"70" "[[2111011121, 2211012221, 45], [2111011121, 2111010121, 48], [1110012121, 1110012221, 7], [1110012121, 1110012021, 7], [1110112121, 1110012121, 46], [1110112121, 0110112221, 45], [1111112121, 0111112221, 46], [1111112121, 1110112121, 46], [1111111111, 1111112121, 52], [1111111111, 2111011121, 61]]"
"71" "[[2112111221, 2112011221, 38], [2112111221, 2112011221, 77], [2112111211, 2112111221, 57], [2112111211, 2112010201, 55], [0122211201, 0122210201, 49], [0122211201, 0122212200, 74], [0122212201, 0022212201, 54], [0122211201, 0122212201, 52], [1111111111, 0122211201, 42], [1111111111, 2112111211, 40]]"
"72" "[[0110212201, 0100212201, 29], [0110212201, 0120212201, 29], [0110212201, 0120212201, 79], [1111111101, 1111110101, 38], [1111111101, 1112111101, 59], [1111111111, 1111111101, 19], [1111111111, 1110111111, 19], [1111111111, 1111111101, 46], [2110111121, 2110111221, 35], [1111111111, 2110111121, 45], [1111111111, 0110212201, 102]]"
"73" "[[1100211001, 1100212001, 42], [0102111001, 0102212001, 40], [1101111001, 0102111001, 44], [1101111001, 1100211001, 42], [0122211221, 0122212221, 26], [1112211221, 2112212221, 42], [1112211221, 0122211221, 52], [2112111021, 2112211021, 34], [2112111021, 2102011021, 34], [2111211021, 2110211021, 37], [2111211021, 2122211021, 37], [2111111021, 2111211021, 45], [2111111021, 2112111021, 48], [1111111121, 2111111021, 48], [1111111121, 1112211221, 52], [1111111111, 1111111121, 44], [1111111111, 1101111001, 90], [2110111221, 2110211221, 35], [2110111221, 2110011221, 34], [2110111111, 2110111221, 82], [2110111111, 2110111001, 45], [2112012221, 2122012221, 28], [2112012221, 2102012221, 28], [2112012221, 2122012221, 68], [2112111211, 2112011221, 30], [2112111211, 2112211200, 30], [2112111211, 2112211200, 45], [2112111211, 2112012221, 48], [2111111111, 2112111211, 56], [2111111111, 2110111111, 48], [1111111111, 2111111111, 39]]"
"74" "[[1111111201, 1111110201, 0], [1111111201, 1111112201, 0], [1111111201, 1111112201, 37], [1111111121, 1110111121, 36], [1111111121, 1112111121, 36], [1111111111, 1111111121, 51], [1111111111, 1111111201, 47], [2100001001, 2100002000, 32], [2100001001, 2100000001, 32], [1111101001, 2100001001, 52], [1111101001, 1111102001, 84], [1111111111, 1111101001, 50], [1111111111, 1110111121, 143], [1111111111, 1111110111, 4], [1111111111, 2110111001, 4], [1111111111, 1111111001, 43], [1111111111, 2111111111, 43], [1111111111, 2110111211, 3], [1111111111, 1112111111, 3], [1111111111, 1112111001, 45], [1111111111, 1112111111, 84]]"
"75" "[[1111111100, 2100000000, 23], [1111111011, 1111111000, 23], [1111111011, 0102001011, 23], [1111111111, 1111111011, 36], [1111111111, 1111111100, 36], [1111111111, 1111111101, 31], [1111111111, 1111111021, 31], [1111111011, 1111111001, 23], [1111111011, 1102010010, 23], [1111111111, 1111111011, 39], [1111111111, 1111111101, 62], [1111111111, 1111000011, 7], [1111111111, 0111111111, 7], [1111111111, 2110111211, 122]]"
"76" "[[1111111111, 2100011021, 71], [1111111111, 0112211221, 41]]"
