[[0012112221, 0012212221], [0012112221, 0012012221], [1012112121, 2012212021], [1012112121, 0012112221], [1112212121, 0112212221], [1112212121, 2112212021], [1112112121, 1112212121], [1112112121, 1012112121], [1111111111, 2120010021], [1111111111, 1112112121]]
[[1111112001, 2100012001], [1111112001, 1112212001], [1111111121, 1111111021], [1111111111, 1111111121], [1111111111, 1111112001], [1111111111, 1102000001]]
[[1111111221, 1110111221], [1111111221, 0111111221], [1111111221, 1110112221], [2120211221, 2120212221], [1111111221, 2120211221], [1111111111, 2110100021], [1111111111, 1111111221]]
[[1112011121, 1112011021], [2102111221, 2102010221], [1112011121, 1112010021], [1112111121, 1112011121], [1112111121, 2102111221], [1111111111, 0210012201], [1111111111, 1112111121]]
[[2101101000, 2100101000], [1111001011, 1111001001], [1111001011, 1111001021], [1111001011, 0101001001], [2101101000, 2101001000], [1111101011, 2101101000], [1111101011, 1111001011], [1111111111, 1101201221], [1111111111, 1111101011]]
[[1111111111, 2100111000], [1111111111, 2100101000]]
[[2111101011, 2111101001], [2111101011, 2110101001], [2111101021, 2110101021], [2112111000, 2102111000], [2111101011, 2111101021], [1111101011, 1111101021], [1111101011, 2111101011], [2112111000, 2112101000], [2112111211, 2112111221], [1111001010, 1101001020], [1111001010, 1111001000], [2101101000, 2100101000], [1112111111, 1122111121], [1112111111, 2112111211], [1112011111, 1112011011], [1112011111, 1112011201], [1112111111, 1112011111], [2112111001, 2112111000], [1111101010, 2101101000], [1111101010, 1111001010], [1111101011, 2100101021], [1112111111, 2112111001], [1112211011, 0112210011], [1111101011, 1111101010], [1111101211, 1111201221], [1111101211, 1111001211], [1112111111, 1112211011], [1112111111, 2102110021], [1111101111, 1111101211], [1111101111, 1111101011], [1111111111, 1111101111], [1111111111, 1112111111], [1111111111, 2000100021]]
[[1112111221, 2112111221], [2110101221, 2120101221], [2110101121, 2110101021], [2110101121, 2110101221], [2111101111, 2111101201], [2111101111, 2110101121], [1111101111, 1110001221], [1111101111, 2111101111], [1112111211, 2112111201], [1112111211, 1112111221], [1111111111, 1112111211], [1111111111, 1111101111], [1111111111, 2100101000]]
[[2100111000, 2100101000], [1100101000, 1100001000], [1100111000, 1100101000], [1100111000, 2100111000], [1101111000, 1102111000], [1101111000, 1100111000], [2120100101, 2120100100], [2120100101, 2020100101], [1101111000, 1100010000], [1111111101, 1101111000], [1111111101, 2120100101], [2220102101, 2220102200], [1111111111, 2220102101], [1111111111, 1111111101]]
[[2100101210, 2100101200], [2110101210, 2100101210], [2110101110, 2100101000], [2110101110, 2110101210], [2111111110, 2102111000], [2111111110, 2110101110], [1111111111, 2120101121], [1111111111, 2111111110]]
[[2111111021, 2110101021], [2111111021, 2112111021], [2112111000, 2102111000], [1111111111, 2112111000], [1111111111, 2111111021]]
[[2101101000, 2100101000], [2122111121, 2122111021], [2111101000, 2110101000], [2111101000, 2101101000], [2111111000, 2100111000], [2111111000, 2111101000], [0112111200, 0112211200], [0112111200, 0112011200], [2111111000, 2100121000], [2122111121, 2122211121], [2111111100, 2121101100], [2111111100, 2111111000], [0111111100, 0111011000], [0111111100, 0112111200], [1111111100, 0111111100], [1111111100, 2111111100], [2112111121, 2112112021], [2112111121, 2122111121], [1111111111, 2112111121], [1111111111, 1111111100], [1111111111, 2000120000], [1111111111, 2210100001]]
[[2112111221, 2102111221], [2100101100, 2100101000], [1110101101, 1110001201], [1110101101, 2100101100], [1111121101, 1101021101], [1111121101, 2121121101], [1111111101, 1111121101], [1111111101, 1110101101], [2112111221, 2102211221], [1111111111, 2112111221], [1111111111, 1111111101], [1111111111, 0001200201]]
[[1111001011, 1111001001], [2111101211, 2111101201], [2111101211, 2111101221], [1111101011, 1111101001], [1111101011, 1111001011], [2110101001, 2100101000], [2111111211, 2112111201], [2111111211, 2111101211], [2111111001, 2112111000], [2111111001, 2110101001], [1111101011, 0110201001], [1111111011, 1111101011], [1111111011, 2111111001], [1111111211, 1101001221], [1111111211, 2111111211], [2212110000, 2202110000], [2212111101, 2222112101], [2212111101, 2212110000], [1111111111, 1111111211], [1111111111, 1111111011], [1111111111, 2212111101]]
[[1102111000, 2102111000], [1102111000, 1102211000], [1102111100, 1102111200], [1102111100, 1102111000], [1122211101, 1122211100], [1111111111, 1122211101], [1111111111, 1102111100]]
[[2112111201, 2102111201], [2112111101, 2112111001], [2112111101, 2112111201], [1102111000, 0102011000], [1102111000, 2102101000], [2111111101, 2100111200], [2111111101, 2112111101], [1111111111, 2111111101], [1111111111, 1102111000]]
[[0101111000, 0102111000], [0101111000, 0100001000], [0101111011, 0100001012], [0101111011, 0101111000], [0111111111, 0121201121], [0111111111, 0101111011], [1111111111, 0201000021], [1111111111, 0111111111]]
[[2112111221, 2112211221], [2112111201, 2102111201], [2112111211, 2112111201], [2112111211, 2112111221], [1112111221, 1112011221], [1112111211, 1112111221], [1112111211, 2112111211], [1110001211, 1110001201], [1110001211, 1110001221], [1112111111, 2122111121], [1112111111, 1112111211], [1112111111, 2102111000], [1110001111, 1100001001], [1110001111, 1110001211], [1111111111, 1110001111], [1111111111, 1112111111]]
[[1111001011, 1111001021], [2100101000, 2100001000], [2101111000, 2102111000], [1111001000, 1101001000], [1111101010, 1111101020], [1111101010, 1111001000], [1111101011, 1111001011], [1112111001, 1112111002], [1112111001, 1112011001], [0112111021, 0112211021], [0112111021, 0112011021], [1112111011, 0112111021], [1112111011, 1112111001], [1111101011, 1111101010], [1111111011, 1111101011], [1111111011, 1112111011], [2101111000, 2100101000], [1111111011, 2101111000], [1100101221, 2100101221], [1100101221, 1100201221], [1111111111, 1100101221], [1111111111, 1111111011], [1211111021, 1212011021], [1211111021, 1211101021], [1111111111, 1211111021]]
[[2112111021, 2102111021], [2111111011, 2100101000], [2111111011, 2112111021], [1111111111, 2212110021], [1111111111, 2111111011]]
[[1112011011, 0102011000], [1112011011, 1112011021], [1101101100, 1101001100], [1101101100, 2100101000], [1111111111, 1101101100], [1111111111, 1112011011]]
[[2120101110, 2120101120], [2120101110, 2120101100], [2120101111, 2120101121], [2120101111, 2120101110], [2110101111, 2100101000], [2110101111, 2120101111], [0011200200, 0001200200], [1111111111, 0011200200], [1111111111, 2110101111]]
[[0102211221, 0102211220], [0112211121, 0122211121], [0112211121, 0102211221], [1111111111, 2100101000], [1111111111, 0112211121], [1111111111, 0220002121]]
[[2102111000, 2102101000], [2101111000, 2100111000], [2101111000, 2102111000], [2101101101, 2101101201], [2101101101, 2100101001], [2101111101, 2101101101], [2101111101, 2101111000], [1101111101, 0100001000], [1101111101, 2101111101], [1111111111, 0121201121], [1111111111, 1101111101], [1111111111, 0200000021]]
[[2102111211, 2102111221], [2102111111, 2102111011], [2102111111, 2102111211], [1112111111, 1122011111], [1112111111, 2102111111], [1111101221, 1110001221], [1111101221, 1111201221], [1111111111, 1111101221], [1111111111, 1112111111]]
[[1101001000, 2101001000], [1101001000, 1100001000], [1111001010, 1111001000], [1112011021, 1112011020], [2102111000, 2102101000], [1102211001, 0102211000], [1112011021, 0102011021], [1102111221, 2102111221], [1102111221, 1102011221], [2101111010, 2100101020], [2101111010, 2102111000], [1111001010, 1101001000], [1111111010, 1111001010], [1111111010, 2101111010], [1111001201, 1101001201], [1111111111, 1111001201], [1111111111, 1111111010], [1111101021, 2111101021], [1111101021, 1110201021], [1112111121, 1102111221], [1112111121, 1112011021], [1112211101, 1112211200], [1112211101, 1102211001], [1112111111, 1112211101], [1112111111, 1112111121], [1111111111, 1111101021], [1111111111, 1112111111], [1111111111, 2011102221]]
[[1111001211, 1110001211], [1111001211, 1111001201], [1111201001, 1110201001], [1111201001, 0101201001], [1112011000, 0112011000], [1112011000, 2102011000], [1111211001, 0112211001], [1111211001, 1111201001], [1111001211, 0111001211], [1111111111, 1111001211], [1111111111, 1111211001], [1111111000, 2100101000], [1111111000, 1112011000], [1111111111, 1111111000]]
[[1111101011, 1111001011], [0000000122, 0000000022], [0000000122, 0000000222], [0000001122, 0000001022], [0000001122, 0000000122], [0100000122, 0100000022], [0100000122, 0100000222], [0100001122, 0100000122], [0100001122, 0000001122], [1111101011, 1101001011], [1111111111, 1111101011], [1111111111, 0100001122]]
[[2120101101, 2120101100], [2120101101, 2120102101], [2110101101, 2100101000], [2110101101, 2120101101], [1110101101, 0100201001], [1110101101, 2110101101], [1111111111, 2020102101], [1111111111, 1110101101]]
[[1111101001, 1101101001], [1111001011, 1111001001], [2111101000, 2100101000], [1111101000, 1101001000], [1111101000, 2111101000], [1111111000, 2102011000], [1111111000, 1111101000], [1111101011, 1111001011], [1111101011, 1111101001], [1111111111, 1111101011], [1111111111, 1111111000]]
[[1112111121, 1112111021], [1111111111, 1111111101], [1110111221, 1100111221], [1110111121, 1110111021], [1110111121, 1110111221], [1111111111, 1111111211], [1111111111, 1110111121], [1111011211, 1111011201], [1111011211, 1111011221], [1111111111, 1111011211], [1112111111, 1112111121], [1111111111, 1112111111], [1111111111, 0111211001], [1111111111, 1102111200], [1111111111, 1110212021], [1100100000, 1100000000], [1111111111, 1100100000], [2222110011, 2222210021], [2222110011, 2222110000], [1111111111, 2222110011]]
[[2111112221, 2112112221], [2111112221, 2111012221], [2111111221, 2111011221], [2111111221, 2111211221], [2111112221, 2111212221], [1112011111, 1112001001], [1112011111, 0112011221], [2111111221, 2111112221], [1111111111, 2111111221], [1111111111, 1112011111], [1111111111, 2211212221]]
[[0000111111, 0000111121], [0111011221, 0110011221], [0111111211, 0110111211], [0111111211, 0111011221], [1111211111, 2111211111], [1111211111, 1111211101], [1111211221, 1112211221], [0111111211, 0112111221], [1111211111, 1111211221], [1111211111, 1112211200], [2112111211, 2112111221], [2112111211, 2112111201], [0111111111, 0100111121], [0111111111, 0111111211], [0112110211, 0112110221], [0111111111, 0112110211], [1111111111, 2112111211], [1111111111, 1111211111], [1111111111, 0111111111], [0000111111, 0000211121], [1111111111, 0000111111]]
[[0110111221, 0120111221], [1111211101, 1112211101], [1111211101, 0111211101], [1111111101, 2111111101], [1111111101, 1111211101], [0111111221, 0111211221], [0111111221, 0110111221], [2012111221, 2022111221], [2012111221, 2002111221], [1011111121, 0000100021], [1011111121, 2012111221], [1111111111, 0111111221], [1111111111, 1111111101], [1111111111, 1011111121]]
[[0112211201, 0112210201], [0112211211, 0102211221], [0112211211, 0112211201], [1112111211, 1112111221], [1112111211, 0112211211], [1111111111, 1000111221], [1111111111, 1112111211]]
[[1110001211, 1110001201], [1111001211, 1111001201], [1111001211, 1110001211], [1111101211, 1110201201], [1111101211, 1111001211], [1111101211, 1110002211], [2101101001, 2102101000], [2101101001, 2100101001], [1111111111, 2101101001], [1111111111, 1111101211]]
[[1111101011, 1111001011], [1111011011, 1112011011], [1111111011, 1111011011], [1111111011, 1111101011], [1111111111, 2101101001], [1111111111, 1111111011]]
[[2112111221, 2122111221], [2112111211, 2112111201], [2112111211, 2112111221], [2100101010, 2100101000], [2100101010, 2100101020], [2101111010, 2102111000], [2101111010, 2100101010], [1101111010, 0100001000], [1101111010, 2101111010], [1112111211, 1112011201], [1112111211, 2112111211], [1111111111, 1112111211], [1111111111, 1101111010]]
[[1112211101, 1112211001], [1112211101, 0122211101], [1111111111, 2100101000], [1111111111, 1112211101]]
[[0112011221, 0122011221], [0112111221, 0122211221], [0112111221, 0112011221], [2112111221, 2122111221], [1112111221, 2112111221], [1112111221, 0112111221], [1112111211, 2102111200], [1112111211, 1112111221], [1111111211, 0110001201], [1111111211, 1112111211], [1111111111, 0102212101], [1111111111, 1111111211], [2212111221, 2202112221], [1111111111, 2212111221], [1111111111, 2000100000]]
[[1111101011, 2111101011], [1111101011, 2101101001], [0112011100, 0122011100], [0112011100, 0112011200], [1111101011, 1111201001], [1212010102, 1222010102], [1212010102, 1202010002], [1111111111, 2112111221], [1111111111, 1111101011], [0112111100, 0112211200], [0112111100, 0112011100], [1111111111, 0112111100], [1212010101, 0222010100], [1212010101, 1212010102], [1111111111, 1212010101]]
[[2100101011, 2100101021], [2100101011, 2100101000], [1111111111, 0110201221], [1111111111, 2100101011]]
[[2100101001, 2100001001], [2100101001, 2100101000], [1100101001, 0100001000], [1100101001, 2100101001], [1111111111, 0000000021], [1111111111, 1100101001]]
[[0122211111, 0122211121], [1121101111, 1121001111], [2111111211, 2111101201], [2111111211, 2112111211], [2110101121, 2110101021], [2110101121, 2100101221], [2111111111, 2110101121], [2111111111, 2111111211], [1111101111, 0111001221], [1111101111, 1121101111], [1111111111, 1111101111], [1111111111, 2111111111], [2111101100, 2121101100], [2111101100, 2100101000], [0122211111, 0122211221], [0112111111, 0112011012], [0112111111, 0122211111], [1111111111, 2111101100], [1111111111, 0112111111], [1111111111, 2212112221]]
[[1111001211, 1111001201], [1111001211, 1111001221], [1111001111, 1110001021], [1111001111, 1111001211], [2111111221, 2111101221], [2111111221, 2112111221], [1110101001, 0110101001], [1110101001, 2100101000], [1111111001, 1112211000], [1111111001, 1110101001], [1111111111, 2111111221], [1111111111, 1111001111], [1111111111, 1111111001]]
[[1120111100, 0120111100], [1111001201, 1101001201], [0111011101, 0111011001], [1111011101, 0111011101], [1111011101, 1111001201], [1111011111, 2102011221], [1111011111, 1111011101], [1120111101, 1120111100], [1111111111, 1120111101], [1111111111, 1111011111]]
[[1112111211, 0112111211], [1111212121, 1111212021], [1111211121, 2110211021], [1111211121, 1111212121], [1112111111, 1112001011], [1112111111, 1112111211], [1111111111, 1112111111], [1111111111, 1111211121]]
[[0112211021, 0112210021], [1112211021, 2122211021], [1112211021, 0112211021], [0111011021, 0100011021], [0111011021, 0112011021], [0201010201, 0201000201], [1111111021, 0111011021], [1111111021, 1112211021], [1111111011, 0101000000], [1111111011, 1111111021], [1201011211, 2202011221], [1201011211, 0201010201], [1111111111, 1201011211], [1111111111, 1111111011]]
[[2121111211, 2121211201], [2121111211, 2122111221], [1111111111, 2121212001], [1111111111, 2121111211]]
[[1111111111, 2111111111], [1111111111, 1111111001]]
[[2112212211, 2112212221], [1122012101, 0122012201], [1122012101, 1122012001], [2112212211, 2112202201], [2112112211, 2112012221], [2112112211, 2112212211], [1122012101, 0122012000], [1111111111, 1122012101], [1111111111, 2112112211]]
[[2111111111, 2111111121], [2111111111, 2111111211], [1111111111, 1111111011], [1111111111, 2111111111]]
[[1111111111, 1111111001]]
[[1111111101, 1110111101], [1111111101, 1111211101], [2112111111, 2112211201], [2112111111, 2112111121], [1111111111, 0111111111], [1111111111, 1111111101], [1111111111, 2112111111], [1111111111, 2110011000]]
[[2112111211, 2112011221], [2112111211, 2112211201], [2112111211, 2112000201], [0112211221, 0112212221], [1112111211, 0112211221], [1112111211, 2112111211], [2000212011, 2000212000], [2000212011, 2000212021], [0000010121, 0000000221], [0000010121, 0000010021], [1000111111, 0000010121], [1000111111, 2000212011], [1112111111, 2112210000], [1112111111, 1112111211], [1111111111, 1112111111], [1111111111, 1000111111]]
[[0112000000, 0122000000], [1111111111, 0222000000], [1111111111, 0112000000]]
[[1100001201, 0100001201], [1100001201, 2100001201], [2102110101, 2102120202], [2102110101, 2102210101], [2102212101, 2102212202], [2102111101, 2102212101], [2102111101, 2102110101], [1100001101, 2100002001], [1100001101, 1100001201], [1101111101, 1100001101], [1101111101, 2102111101], [2102000000, 2202000000], [1101111101, 2102000000], [0112210221, 0122210221], [0112210221, 0212210221], [1111111111, 0112210221], [1111111111, 1101111101]]
[[1111111111, 1111111101], [1111111111, 1112111111], [1111111111, 2112211101], [1111111111, 2112001211]]
[[1111111111, 1111111011], [1111111111, 1111111211], [1111111111, 1011111011]]
[[1111111221, 0111111221], [1111111221, 1111011221], [1111111221, 2111111221], [1111211221, 2111211221], [0122211011, 0122211021], [1111111221, 1111211221], [0111211011, 0111211021], [0111211011, 0122211011], [1111211111, 1112211101], [1111211111, 0111211011], [1112212121, 0122212021], [1111111121, 0101111121], [1111111121, 1111111221], [2111111111, 2110111001], [2111111111, 2112111111], [1111111111, 2111111111], [1111111111, 1111111121], [1111111111, 0111001001], [1111211111, 1112212121], [1011111111, 0012111111], [1011111111, 1011211101], [1011111111, 0022212021], [1111111111, 1111211111], [1111111111, 1011111111], [1111111111, 2110000000]]
[[1111111111, 1211212201], [1111111111, 2112010221]]
[[2111212121, 2112212221], [0112211221, 0112212221], [2111212121, 2121212221], [1111211121, 2111212121], [1111211121, 0112211221], [2212212111, 2222212000], [2212212111, 2212212221], [1111211111, 2110211201], [1111211111, 1111211121], [1111211111, 2212212111], [0112211000, 0012211000], [0112211000, 0112210000], [1111111111, 0112211000], [1111111111, 1111211111]]
[[1222112201, 1222012201], [1222112201, 1222212201], [2011020221, 2021020221], [1111111111, 2011020221], [1111111111, 1222112201]]
[[2112212001, 2102212001], [2112212001, 2122212001], [2012212001, 2022212001], [1111111111, 2012212001], [1111111111, 2112212001]]
[[0111111111, 0111211211], [0111111111, 0111111001], [1111111111, 2102001201], [1111111111, 0111111111]]
[[1111111111, 1111111101], [1111111111, 1111111121], [1111111111, 1111111211], [1111111111, 2111111111], [1111111111, 1111101011], [1111111111, 1111110111]]
[[2112212221, 2122212221], [2112212121, 2112212021], [2112212121, 2112212221], [1111111111, 0112212221], [1111111111, 2112212121]]
[[1110210001, 2110210001], [1110210001, 0110210001], [1212211121, 2212211221], [1212211121, 0212211021], [1110210011, 0100210021], [1110210011, 1110210001], [0111211221, 0110211221], [1111211111, 0111211221], [1111211111, 1110210011], [0100000101, 0000000101], [1111111111, 0100000101], [1111111111, 1111211111], [1211211121, 2220211021], [1211211121, 1212211121], [1111111111, 1211211121]]
[[0000212201, 0000212200], [2100000121, 2000000021], [2100000121, 2100000221], [0010112201, 0010012200], [0010112201, 0000212201], [1111111111, 0010112201], [1111111111, 2100000121]]
[[1110012121, 1110012221], [1110012121, 1110012021], [0111112221, 0110112221], [1111112121, 0111112221], [1111112121, 1110012121], [1111111121, 2111010121], [1111111121, 1111112121], [1111111111, 2211012221], [1111111111, 1111111121]]
[[2112111221, 2112011221], [0122212201, 0122212200], [0122212201, 0022212201], [0122211201, 0122210201], [0122211201, 0122212201], [2112111211, 2112010201], [2112111211, 2112111221], [1111111111, 2112111211], [1111111111, 0122211201]]
[[1111111111, 1111111101], [1111111111, 1110111111], [1111111111, 1112111101], [1111111111, 1111110101], [2110111121, 2110111221], [1111111111, 2110111121], [0110212201, 0100212201], [0110212201, 0120212201], [1111111111, 0110212201]]
[[2110211121, 2110211021], [2110211121, 2110211221], [2112211021, 2122211021], [2112012221, 2102012221], [2112012221, 2122012221], [2111011221, 2112011221], [2111011221, 2110011221], [2111211121, 2112211021], [2111211121, 2110211121], [2111111111, 2110111001], [2111111111, 2111211121], [2111011121, 2102011021], [2111011121, 2111011221], [0102111001, 0102212001], [1100211001, 1100212001], [2112112221, 2112212221], [2112112221, 2112012221], [0122211221, 0122212221], [2111111111, 2111011121], [2111111111, 2112211200], [1112111221, 0122211221], [1112111221, 2112112221], [1111111111, 1112111221], [1111111111, 2111111111], [1101111001, 1100211001], [1101111001, 0102111001], [1111111111, 1101111001]]
[[1112111111, 1112111121], [1111111111, 1112111111], [1111111001, 1112111001], [2111111111, 2110111211], [1111111111, 1111111001], [1111111111, 1110111121], [2111111111, 2110111001], [1111111111, 2111111111], [1111110111, 1111110201], [1111111111, 1111110111], [1111112101, 1111102001], [1111112101, 1111112201], [2100001001, 2100002000], [2100001001, 2100000001], [1111111111, 1111112101], [1111111111, 2100001001]]
[[1111111111, 1111111101], [1111111111, 1111111001], [1111111111, 0111111111], [1111111111, 1111111021], [1111111100, 1111111000], [1111111111, 1111111100], [1111001011, 1111000011], [1111001011, 0102001011], [1101010010, 1102010010], [1101010010, 2100000000], [1111011011, 1101010010], [1111011011, 1111001011], [1111111111, 2110111211], [1111111111, 1111011011]]
[[1111111111, 2100011021], [1111111111, 0112211221]]
